    0.0000000e+00   0.0000000e+00   0.0000000e+00   0.0000000e+00   0.0000000e+00  -6.9388939e-18
  -1.1657079e-02   3.9481410e-02   2.1253127e-02   1.9613544e-04  -2.8838863e-04  -1.9958247e-04
  -1.9372271e-02   5.1356418e-02  -1.0845719e-02  -3.5113218e-05  -5.5780699e-05  -2.4267558e-04
  -1.1818403e-02   3.9313297e-02   1.2091552e-02   4.4813603e-04   7.0138257e-05  -8.1058061e-05
  -1.5875763e-02   4.8929548e-02   3.1088448e-02   3.2332471e-04   8.1593977e-05  -1.1775953e-04
  -2.1412366e-02   5.5965051e-02  -1.4039033e-02  -4.9933571e-05   9.7602345e-05  -1.8093496e-04
  -1.4234612e-02   3.7076199e-02   8.7074309e-03   1.1727057e-03   4.5294654e-05  -2.8908480e-04
  -7.8010267e-03   7.6493173e-02   1.4782247e-02   1.4436401e-04   3.0933991e-05   3.1581124e-04
  -2.2865184e-02   8.3507871e-02  -1.8483167e-02   3.5564445e-04   3.2701999e-05   4.0737997e-04
  -1.7460298e-02   6.0350123e-02  -5.3171476e-03   6.5924603e-04  -1.6629437e-05   1.1389554e-04
  -3.9397310e-03   7.2219881e-02   1.6497676e-02   6.9261325e-04  -2.0561673e-04   3.6596883e-04
  -1.4462545e-03   7.7361715e-02   2.0109327e-02   7.4026369e-04  -1.5472294e-04   4.4444357e-04
  -1.8877365e-02   1.0678985e-01  -6.5711612e-02   2.3192312e-05   3.6508290e-04   6.0258870e-04
  -1.4682986e-02   1.1092277e-01  -4.5143165e-02   7.0129560e-04   3.0567642e-04   5.6324661e-04
   1.0303059e-02   9.4566853e-02  -1.1862319e-03  -1.3463730e-05  -1.7000344e-04   8.3244413e-04
   1.8747277e-02   7.8663706e-02   2.8210152e-02  -3.4188858e-04  -5.4853247e-04   9.1089529e-04
   1.1613071e-02   7.2318858e-02   2.2277340e-02  -4.1938526e-04  -4.5736432e-04   7.7706751e-04
   6.8332027e-03   4.1387951e-02   6.1823549e-02  -3.2524833e-04  -6.1096309e-04   6.0873089e-04
   1.1947723e-03   5.2843892e-02   6.5586698e-02  -9.4978911e-04  -7.5510566e-04   5.2947308e-04
   4.0536936e-03   3.8554929e-02   1.0767628e-01  -1.0019460e-03  -8.7296034e-04   4.9261852e-04
   1.0729009e-03   3.3167789e-02   1.2103253e-01  -9.7263712e-04  -6.0071389e-04   3.8186229e-04
   2.6870304e-03   7.1282384e-03   1.4862392e-01  -1.0529470e-03  -7.0142438e-04   2.8723640e-04
   4.6271914e-03   2.4446004e-02   1.3912813e-01  -1.1499569e-03  -8.6581549e-04   4.7180453e-04
   6.1274233e-03   2.5326424e-02   1.5224944e-01  -1.1341693e-03  -8.0372493e-04   3.3677112e-04
   2.3011352e-02   3.0826223e-02   1.9327705e-01  -1.4317897e-03  -1.1083901e-03   5.9833762e-04
   3.1351834e-02   2.1830640e-02   1.9711023e-01  -1.4283835e-03  -1.1394221e-03   6.0382032e-04
   2.5964037e-02   1.6949906e-02   2.0716306e-01  -1.3000229e-03  -1.1342184e-03   5.2937828e-04
   2.6711118e-02   3.4250308e-02   2.1169212e-01  -1.8202692e-03  -1.2430411e-03   7.8872118e-04
   2.3528902e-02   2.1936372e-02   2.0523542e-01  -1.4127554e-03  -1.0787741e-03   6.2458263e-04
   2.4097686e-02   3.3223779e-02   2.0873326e-01  -1.5722020e-03  -1.0722219e-03   6.6708379e-04
   2.3942930e-02   4.2815840e-02   1.9674988e-01  -1.6693167e-03  -9.2292756e-04   8.2473983e-04
   2.3410966e-02   6.6248978e-02   1.3462096e-01  -2.3306405e-03  -8.5062934e-04   8.3509381e-04
   2.5380677e-02   4.0647418e-02   1.8572631e-01  -2.2860235e-03  -5.5502364e-04   7.4299247e-04
   4.5525187e-02   2.5772617e-02   2.5499636e-01  -2.8370112e-03  -9.9661960e-04   9.5881852e-04
   2.9915178e-02   3.6848582e-02   2.2180604e-01  -2.9456395e-03  -1.0820994e-03   7.0582712e-04
   2.8409582e-02   1.3270491e-02   2.4273002e-01  -2.3628131e-03  -1.1356435e-03   5.9294985e-04
   2.6577752e-02   1.8490106e-02   2.2660626e-01  -3.0451143e-03  -1.1261037e-03   5.2950341e-04
   2.1659448e-02   5.2148136e-04   2.3549829e-01  -3.0517073e-03  -1.1834813e-03   5.6147328e-04
   1.6771218e-02  -5.2249157e-03   2.2465719e-01  -3.0730701e-03  -1.2234494e-03   5.2525879e-04
   1.0075956e-02   6.7335281e-03   2.0854550e-01  -3.2696476e-03  -8.9425516e-04   7.0386145e-04
   8.3719626e-03   4.4768303e-04   2.1524528e-01  -3.1178284e-03  -1.1838656e-03   6.0310136e-04
   3.8157937e-03  -1.2673608e-02   2.3574527e-01  -2.6806631e-03  -1.1230060e-03   3.5836501e-04
   4.5140879e-03  -2.0798137e-03   2.3148320e-01  -3.2832620e-03  -1.1022894e-03   5.0550203e-04
   1.8069460e-02  -3.4968681e-03   2.2455906e-01  -3.2413649e-03  -1.0709436e-03   6.2314097e-04
   2.7574241e-02   1.4997018e-02   2.2653120e-01  -3.0514762e-03  -1.1467311e-03   7.9253012e-04
   2.2309425e-02  -6.1112127e-03   2.2342338e-01  -3.0780506e-03  -1.3601815e-03   8.6162040e-04
   2.5845932e-02  -2.7103461e-03   2.5045942e-01  -3.0449020e-03  -1.1565852e-03   7.2444313e-04
   2.9888840e-02   2.0117396e-03   2.3996101e-01  -3.4129556e-03  -1.4359651e-03   8.3741760e-04
   1.6509045e-02  -7.6333574e-05   2.4757235e-01  -2.7299288e-03  -1.3055926e-03   4.1977114e-04
   2.2471195e-02  -5.9005893e-03   2.4257746e-01  -2.6393252e-03  -1.2129415e-03   5.1819192e-04
   2.9980392e-02  -1.9624805e-02   2.5859471e-01  -2.5761666e-03  -1.4114168e-03   5.1732399e-04
   2.8329122e-02  -8.4658990e-03   2.3533442e-01  -2.7567832e-03  -1.1906425e-03   5.6786825e-04
   1.9171202e-02  -5.3118996e-05   1.9951895e-01  -2.9654012e-03  -1.3292586e-03   6.7413416e-04
   3.2200591e-03  -2.1756858e-02   2.2666750e-01  -2.0439788e-03  -1.0262934e-03   2.1619261e-04
   1.9002830e-02  -1.8652976e-02   2.3992167e-01  -2.6533413e-03  -1.2361622e-03   3.8318386e-04
   2.7281423e-02   1.6077592e-03   2.1450507e-01  -3.0276146e-03  -1.0921836e-03   6.7228365e-04
   3.1412406e-02   4.7304779e-03   1.7086492e-01  -3.0223470e-03  -1.1578078e-03   7.3706856e-04
   3.8759674e-02  -1.3761615e-02   2.2488752e-01  -2.2934147e-03  -1.4587197e-03   7.4166977e-04
   4.7801127e-02  -5.9278600e-03   2.2025192e-01  -3.2478641e-03  -1.6281117e-03   1.0776890e-03
   4.1849827e-02  -1.3704573e-02   1.8720326e-01  -2.9991851e-03  -1.8607756e-03   9.9937440e-04
   4.9154636e-02   3.6945753e-03   2.1186033e-01  -3.1930577e-03  -1.9404939e-03   1.0433608e-03
   4.7413127e-02   1.6636177e-03   2.1169664e-01  -3.1771051e-03  -1.8720629e-03   8.2595743e-04
   3.1263009e-02  -1.7569696e-02   2.3394223e-01  -3.1482479e-03  -1.4415606e-03   6.6584016e-04
   2.7183206e-02  -7.9688759e-03   2.1428617e-01  -3.4937437e-03  -1.7267383e-03   6.1725866e-04
   2.8638789e-02  -1.7498903e-02   2.1200585e-01  -3.1730428e-03  -1.7405900e-03   4.5005418e-04
   2.9113349e-02  -8.1425134e-03   2.2892807e-01  -3.9702807e-03  -1.6001102e-03   7.1999451e-04
   3.3102928e-02  -3.4405885e-03   2.3804667e-01  -3.7018966e-03  -1.1902084e-03   8.7111400e-04
   3.4277803e-02  -1.2960579e-02   2.4096862e-01  -3.3909335e-03  -1.2416303e-03   8.4724650e-04
   3.4527606e-02  -3.2049429e-02   2.7423347e-01  -3.5158386e-03  -1.4324571e-03   6.8819557e-04
   2.1932412e-02  -3.2391210e-02   2.7201001e-01  -3.4851166e-03  -1.2891374e-03   5.5279688e-04
   1.3808896e-02  -2.6836916e-02   2.6373786e-01  -3.5729242e-03  -1.2975339e-03   5.0788383e-04
   1.0380999e-02  -2.3023755e-02   2.6195732e-01  -3.6244809e-03  -1.3491368e-03   3.7235979e-04
   7.4653361e-03  -2.3721552e-02   2.5128502e-01  -3.7364833e-03  -1.4656489e-03   4.0593454e-04
  -2.6430435e-03  -3.4349748e-02   2.5437377e-01  -3.9195737e-03  -1.4442152e-03   3.6930083e-04
  -9.0983179e-03  -2.7411733e-02   2.4266609e-01  -3.8739693e-03  -1.1478522e-03   3.4615145e-04
  -7.1105471e-03  -2.0971319e-02   2.5931751e-01  -3.5440672e-03  -1.2219405e-03   2.3511771e-04
   2.6951139e-03  -3.0362024e-02   2.5909027e-01  -3.6761632e-03  -1.2433827e-03   4.1494532e-04
   1.2426036e-02  -2.5593369e-02   2.9103448e-01  -3.6592557e-03  -9.0730850e-04   4.5295485e-04
   3.9766022e-02  -3.8556670e-02   2.9984576e-01  -3.8723831e-03  -1.4138634e-03   7.5640488e-04
   3.5664255e-02  -3.4284510e-02   2.9705234e-01  -3.8318658e-03  -1.2111561e-03   7.7603607e-04
   4.1012739e-02  -3.6938177e-02   2.9898228e-01  -3.6769425e-03  -1.4591445e-03   9.2074914e-04
   3.3171264e-02  -4.7234714e-02   3.0124465e-01  -3.9892058e-03  -1.6158998e-03   7.3247801e-04
   2.9473675e-02  -1.6870558e-02   2.8687885e-01  -4.3351344e-03  -1.7257739e-03   7.8766613e-04
   2.1403027e-02  -2.1676881e-02   2.8527187e-01  -4.4167412e-03  -1.8544789e-03   6.3969479e-04
   2.8771613e-02  -1.7940210e-02   2.8006749e-01  -4.2671214e-03  -1.6315708e-03   6.6322076e-04
   3.3590295e-02  -6.2009606e-03   2.7871496e-01  -3.9693295e-03  -1.6524484e-03   8.3972734e-04
   2.3341189e-02  -9.0697623e-03   2.7964766e-01  -4.3316713e-03  -1.4503555e-03   6.4176980e-04
   1.9529221e-02  -2.0025649e-02   2.8921894e-01  -3.7499739e-03  -1.2745991e-03   5.6208624e-04
   3.5060717e-02  -2.6399772e-02   3.0262494e-01  -3.9581625e-03  -1.5115205e-03   7.5962759e-04
   2.8275271e-02  -3.5164930e-02   3.1992427e-01  -3.8978552e-03  -1.5302546e-03   8.6309442e-04
   3.6561975e-02  -2.9188264e-02   3.1516953e-01  -4.0272086e-03  -1.6082411e-03   9.7811459e-04
   3.7242357e-02  -4.4401864e-02   3.1381150e-01  -3.7019270e-03  -1.7112155e-03   7.9141638e-04
   4.8985457e-02  -4.8587799e-02   3.1091425e-01  -3.9929677e-03  -1.6981119e-03   8.7902091e-04
   5.2126666e-02  -3.7468938e-02   3.2652434e-01  -4.1736894e-03  -1.7838961e-03   1.0245593e-03
   4.8008559e-02  -2.8470191e-02   2.9878813e-01  -4.1296980e-03  -1.8257379e-03   9.2023974e-04
   4.7310628e-02  -2.4339922e-02   2.7687017e-01  -3.8242765e-03  -1.6233708e-03   8.2471618e-04
   3.5567201e-02  -5.9765160e-02   2.8420445e-01  -3.5445998e-03  -1.8132734e-03   7.3328510e-04
   2.4308915e-02  -4.1998505e-02   2.7001364e-01  -3.8433403e-03  -1.6184805e-03   8.7925385e-04
   3.2585917e-02  -4.2123277e-02   2.7489390e-01  -3.5868149e-03  -1.6817225e-03   8.4942915e-04
   3.5384608e-02  -2.5936310e-02   2.8553073e-01  -3.6183321e-03  -1.7105082e-03   1.3625375e-03
   1.4038817e-02  -2.7349805e-02   2.7152172e-01  -3.6529719e-03  -1.5783426e-03   8.0484239e-04
   3.5284425e-03  -3.8186729e-02   2.8321906e-01  -3.0005218e-03  -1.6538689e-03   5.6729971e-04
   1.1459617e-02  -2.1894764e-02   2.8482555e-01  -3.2242571e-03  -1.9093091e-03   5.7021586e-04
   2.7838933e-02  -2.4127323e-02   2.8348952e-01  -3.5298700e-03  -1.7235005e-03   8.9711565e-04
   4.2988726e-02  -3.7557827e-02   2.9737588e-01  -3.6285465e-03  -1.7620688e-03   1.0859380e-03
   4.5628922e-02  -2.9321652e-02   2.7135358e-01  -3.9449934e-03  -1.8555816e-03   9.5261799e-04
   4.9781896e-02  -3.9958977e-02   2.9291890e-01  -3.7935048e-03  -1.9719939e-03   1.1404565e-03
   4.4642405e-02  -3.7707673e-02   2.7895126e-01  -3.8823199e-03  -1.8968531e-03   1.1191083e-03
   4.4936676e-02  -3.9016765e-02   2.7409705e-01  -4.1951462e-03  -2.2305305e-03   1.1487440e-03
   3.4181977e-02  -3.0603752e-02   2.4362479e-01  -3.9387783e-03  -2.1310585e-03   9.0496493e-04
   3.7710686e-02  -2.0634484e-02   2.3899438e-01  -4.0892253e-03  -1.8680599e-03   9.1338359e-04
   3.7549569e-02  -3.4919135e-02   2.8656391e-01  -3.8938232e-03  -2.0413528e-03   7.8958376e-04
   3.7202532e-02  -4.3906639e-02   2.5056984e-01  -3.9995396e-03  -2.0605772e-03   9.2976022e-04
   3.9585771e-02  -5.5760985e-02   2.4357839e-01  -3.2176130e-03  -1.9877554e-03   8.0397627e-04
   3.9060931e-02  -4.6079742e-02   2.7229550e-01  -4.0012811e-03  -2.1156177e-03   9.8325520e-04
   3.7904618e-02  -5.1893182e-02   2.7356388e-01  -3.7643067e-03  -1.8620372e-03   8.2986982e-04
   4.2191912e-02  -5.4417357e-02   2.7945676e-01  -3.9323243e-03  -1.8340539e-03   9.6449848e-04
   4.3258526e-02  -4.8761895e-02   2.5720226e-01  -3.7634258e-03  -2.0808414e-03   9.1266762e-04
   3.8712064e-02  -2.7723393e-02   2.4773993e-01  -3.8503771e-03  -1.9395087e-03   9.8873617e-04
   3.8683807e-02  -4.0431902e-02   2.2401523e-01  -3.9063435e-03  -2.2140188e-03   8.7910018e-04
   3.7562703e-02  -4.2632745e-02   2.2058495e-01  -3.6248185e-03  -1.8972466e-03   1.0182911e-03
   3.2023338e-02  -4.5082273e-02   2.5065338e-01  -3.3950515e-03  -2.0072873e-03   9.1619800e-04
   2.4493908e-02  -5.0234424e-02   2.0962922e-01  -3.7790075e-03  -2.1612061e-03   9.0845093e-04
   2.9763100e-02  -4.7942802e-02   2.2257440e-01  -3.4674853e-03  -1.9464123e-03   1.0027967e-03
   3.6197332e-02  -3.7539609e-02   2.0383543e-01  -3.8922098e-03  -2.0342259e-03   9.6834937e-04
   4.2889417e-02  -3.2069851e-02   2.1544544e-01  -3.8267345e-03  -1.8422548e-03   1.1897490e-03
   4.3494718e-02  -3.7419762e-02   2.1521468e-01  -3.8647013e-03  -2.0993232e-03   1.1579247e-03
   2.8207837e-02  -3.7410271e-02   1.9274962e-01  -3.8004126e-03  -2.1259775e-03   9.6404768e-04
   3.5481255e-02  -3.4020645e-02   1.9993419e-01  -3.8977385e-03  -2.0042926e-03   9.9906842e-04
   3.4520856e-02  -4.0896999e-02   2.3182446e-01  -3.6607244e-03  -1.8439222e-03   9.8201892e-04
   3.7490337e-02  -4.4097913e-02   2.0828859e-01  -4.0378052e-03  -2.0361653e-03   9.9575311e-04
   4.9217689e-02  -3.5527587e-02   2.5105644e-01  -4.3109378e-03  -2.0927075e-03   1.0492986e-03
   5.3692001e-02  -4.1860945e-02   2.4003357e-01  -4.4741945e-03  -1.8802087e-03   1.1431972e-03
   4.6185604e-02  -4.3757883e-02   2.0791745e-01  -4.5060084e-03  -1.7894437e-03   1.0366226e-03
   4.9280020e-02  -3.6333729e-02   2.0887781e-01  -4.3661808e-03  -1.7685738e-03   1.1176332e-03
   2.8259457e-02  -4.6169570e-02   1.8233728e-01  -3.9876585e-03  -1.9963631e-03   8.9902097e-04
   3.7913577e-02  -2.1951643e-02   2.0417261e-01  -4.4659561e-03  -2.1463077e-03   8.7485754e-04
   1.9736059e-02  -3.3499500e-02   1.9674860e-01  -4.2636479e-03  -1.9342918e-03   8.3730511e-04
   7.6276087e-03  -4.6594683e-02   1.8650570e-01  -3.8113803e-03  -1.6752111e-03   6.2905775e-04
  -6.6701971e-03  -3.3945572e-02   1.6640911e-01  -3.7392899e-03  -1.7524602e-03   4.0839094e-04
  -4.1366397e-03  -2.3778411e-02   1.4092344e-01  -3.8808745e-03  -1.9668899e-03   5.3507906e-04
  -1.8178566e-03  -3.0967125e-02   1.5238907e-01  -3.9999600e-03  -1.8833290e-03   6.3419724e-04
  -4.1873395e-04  -4.1734780e-02   1.6543427e-01  -4.0135802e-03  -1.9612214e-03   6.3570602e-04
   1.0881910e-02  -1.3100967e-02   1.5228703e-01  -3.9135077e-03  -1.9240639e-03   8.0793883e-04
   2.3271754e-02   6.6052077e-03   1.4237066e-01  -4.2604103e-03  -2.2742380e-03   9.6954172e-04
   2.5554888e-02  -7.4277810e-03   1.4165881e-01  -4.1161052e-03  -2.3010567e-03   1.0015395e-03
   3.6385473e-02   1.1494286e-03   1.2237419e-01  -3.8528791e-03  -2.4384326e-03   1.2895957e-03
   3.6124818e-02  -2.8080035e-03   1.2724465e-01  -3.5639200e-03  -2.5822422e-03   1.2455944e-03
   2.6560756e-02   1.0109170e-02   1.1795254e-01  -4.0405783e-03  -2.5454523e-03   1.0224725e-03
   3.4682170e-02   7.4302906e-03   9.5223336e-02  -3.9763997e-03  -2.3863457e-03   1.1971733e-03
   3.6646449e-02   2.0421300e-02   7.7523394e-02  -3.9809757e-03  -2.1549055e-03   1.3691989e-03
   2.6534259e-02   6.7304383e-03   8.0213461e-02  -3.8534748e-03  -2.2227854e-03   1.1516480e-03
   2.3315020e-02   6.6956721e-03   9.7820628e-02  -3.6078483e-03  -2.1096853e-03   1.0633888e-03
   2.0766010e-02  -8.4980576e-03   1.2044139e-01  -3.6461223e-03  -2.1743520e-03   9.3084441e-04
   3.2485512e-02  -1.6095880e-02   1.2979979e-01  -3.3559967e-03  -2.5585367e-03   8.8811240e-04
   3.7150597e-02  -1.0556173e-02   1.2477539e-01  -4.2129805e-03  -2.4928904e-03   1.1580176e-03
   3.4316840e-02  -1.0985636e-02   8.6767320e-02  -4.0440816e-03  -2.2686034e-03   1.2050754e-03
   4.5123704e-02  -2.3875301e-03   5.0162030e-02  -4.0910447e-03  -2.2010596e-03   1.4088695e-03
   4.8680204e-02   4.5112562e-03   5.6253629e-02  -3.7519144e-03  -1.9516012e-03   1.5033331e-03
   5.0847892e-02   1.8364711e-03   7.1579002e-02  -3.6051714e-03  -2.0348964e-03   1.5042187e-03
   4.9317527e-02  -8.5281029e-04   8.3505918e-02  -3.9388354e-03  -2.3457807e-03   1.4612064e-03
   4.1132999e-02  -1.0445559e-02   7.9773445e-02  -4.3548143e-03  -2.2702873e-03   1.4576157e-03
   3.1654813e-02  -5.9976634e-03   8.5111974e-02  -3.9467368e-03  -2.1161633e-03   1.4721866e-03
   2.6507687e-02  -1.7760343e-02   1.1003871e-01  -3.9041931e-03  -2.1548179e-03   1.1488966e-03
   3.0453788e-02   2.0955873e-03   8.6688421e-02  -4.1652739e-03  -1.9203012e-03   1.3760991e-03
   4.2094059e-02   8.1649328e-03   8.8290178e-02  -3.8443260e-03  -1.8630315e-03   1.3984146e-03
   5.5619300e-02   1.1833977e-02   1.0961579e-01  -4.1055248e-03  -2.0795753e-03   1.5370131e-03
   4.6690202e-02   3.5349827e-03   1.1410007e-01  -3.8768176e-03  -1.8321234e-03   1.6007658e-03
   3.9229060e-02  -1.0831332e-02   1.3920663e-01  -3.4601841e-03  -1.7127683e-03   1.5840486e-03
   3.4014705e-02   7.6054791e-04   1.2421331e-01  -3.5250988e-03  -1.6366858e-03   1.6643550e-03
   1.6614413e-02  -3.7878065e-03   1.2259857e-01  -3.2543401e-03  -1.4810765e-03   1.5528195e-03
   1.7374253e-02  -1.1601195e-02   1.0907114e-01  -3.3877317e-03  -1.2069248e-03   1.3732813e-03
   3.0627031e-02  -3.3868409e-03   1.0251391e-01  -3.3876522e-03  -1.8279979e-03   1.9406941e-03
   2.3941715e-02  -4.2358054e-03   9.2928522e-02  -4.0205304e-03  -1.3157795e-03   1.5840949e-03
   3.7623094e-02  -1.1008725e-02   9.8598626e-02  -3.7671630e-03  -1.7032747e-03   1.6968804e-03
   2.6260609e-02  -6.5293065e-03   8.9940129e-02  -3.5832906e-03  -1.6556658e-03   1.5837781e-03
   2.5132061e-02  -4.8618133e-03   8.4204735e-02  -3.7445439e-03  -1.8512638e-03   1.4761081e-03
   3.0130219e-02  -4.8685706e-03   8.9278154e-02  -3.5842242e-03  -1.7137205e-03   1.4648588e-03
   3.8815661e-02  -5.3118742e-05   9.0567962e-02  -3.4315031e-03  -1.4327187e-03   1.7387293e-03
   4.7291893e-02  -5.9329526e-03   1.0309197e-01  -3.4548717e-03  -1.6820517e-03   1.6596565e-03
   3.1615691e-02  -6.4000709e-04   8.6998897e-02  -3.5090158e-03  -1.2855364e-03   1.6410084e-03
   2.4288679e-02  -7.5247528e-03   9.3240025e-02  -3.5381029e-03  -1.3694631e-03   1.5541592e-03
   1.3571380e-02  -1.9651671e-03   7.3492354e-02  -2.8457003e-03  -1.2380537e-03   1.5147433e-03
   7.5500285e-03  -7.4665811e-03   7.3414006e-02  -2.9940024e-03  -1.6635279e-03   1.2860766e-03
   1.0631648e-02  -1.1167425e-02   9.7389885e-02  -2.9375450e-03  -1.4946350e-03   1.3049138e-03
  -5.8985745e-03  -1.8882951e-02   9.7781591e-02  -3.1873170e-03  -1.4499151e-03   7.5456966e-04
  -5.8805408e-03  -3.9727362e-02   8.8305132e-02  -3.1003676e-03  -1.4229111e-03   7.6410161e-04
  -1.1424472e-02  -3.3087862e-02   1.0642196e-01  -3.1411643e-03  -1.1113087e-03   7.5774715e-04
   1.0658829e-02  -4.0129646e-02   3.8064028e-02  -3.9750303e-03  -8.8067430e-04   1.4891253e-03
   2.5876502e-02  -3.5510767e-02   1.3201385e-01  -2.4311194e-03  -1.5162959e-03   1.9464226e-03
   3.8541900e-02  -4.9076899e-02   1.4897004e-01  -2.2009075e-03  -1.1261958e-03   1.9625220e-03
   2.7449988e-02   1.3210689e-02  -2.1888053e-01   4.0364792e-03  -2.8449376e-04   8.0738779e-04
   1.4599005e-03  -2.8374512e-02  -2.5237250e-01   2.2330457e-03  -9.6869764e-04   3.9339226e-04
  -2.7744966e-02   2.4839060e-03  -2.1831381e-01   6.6290907e-04  -1.1116965e-03   5.8506609e-05
  -4.5506226e-02  -1.4879906e-03  -2.2766406e-01   1.2803047e-04  -6.7293952e-04   1.7462357e-04
  -2.9188411e-02  -4.8172919e-03  -1.7174172e-01  -1.1153197e-04  -7.0015376e-04   4.2110899e-04
  -2.4359405e-02  -4.9991991e-03  -1.6197907e-01   7.9489671e-05  -1.1130170e-03   2.2360115e-04
  -2.1431693e-02  -1.7128586e-02  -1.1081914e-01  -9.3195898e-04  -1.2520850e-03   5.4333693e-04
  -1.5697309e-02  -3.7518571e-02  -7.1076592e-02  -8.3996025e-04  -9.1656559e-04   5.9446350e-04
  -1.6911700e-02  -4.0811962e-02  -8.1524368e-02  -1.3826477e-03  -6.4060919e-04   6.9585644e-04
  -1.2660056e-02  -3.6082296e-02  -6.2448749e-02  -1.9612266e-03  -7.0332822e-04   7.2703462e-04
  -5.5871549e-03  -3.8702693e-02  -5.4588503e-02  -1.5146434e-03  -9.8791085e-04   1.0649954e-03
  -2.6615236e-03  -2.3471812e-02  -6.1115820e-02  -1.9521264e-03  -9.8241824e-04   8.4912499e-04
  -1.0648478e-02  -1.5383679e-02  -6.7118602e-02  -2.1761286e-03  -6.2873263e-04   7.5726332e-04
   1.2261555e-02  -3.2285949e-02  -4.6522541e-02  -2.2137513e-03  -1.1356991e-03   7.9250247e-04
   1.4792160e-02  -5.2021658e-02  -3.0082130e-02  -2.3128364e-03  -1.1630066e-03   8.2539251e-04
   1.0825627e-02  -5.2584350e-02  -4.2347896e-02  -2.4057618e-03  -1.2980519e-03   7.5665281e-04
   7.3736308e-03  -3.0440516e-02  -4.5709799e-02  -2.1491752e-03  -8.3489797e-04   7.0743900e-04
   9.3740676e-03  -4.6861044e-02  -2.7089154e-02  -1.8584234e-03  -6.5019362e-04   5.7751283e-04
   6.3739559e-03  -2.7040159e-02  -5.6347594e-02  -1.9967372e-03  -3.6620468e-04   7.7988667e-04
   5.8657213e-03  -3.2690018e-02  -8.0801092e-02  -2.1340318e-03   1.6149127e-06   6.1516752e-04
  -9.9740868e-03  -1.7209765e-02  -1.1742439e-01  -2.0376300e-03   3.4863890e-04   7.7402542e-04
  -3.2515087e-03  -2.9373859e-02  -1.0228038e-01  -1.5930855e-03  -2.1251352e-04   4.9966130e-04
  -1.0548601e-02  -4.3893523e-02  -9.0556564e-02  -1.6089987e-03  -3.2975909e-05   2.3019908e-04
   4.1942745e-03  -5.0092106e-02  -9.5545546e-02  -1.2368816e-03  -3.4063304e-04   6.0609113e-04
   9.8459911e-03  -4.2070888e-02  -7.3250746e-02  -1.6845554e-03  -5.2034399e-04   6.3254851e-04
   1.5087789e-02  -5.5894160e-02  -9.3679217e-02  -2.1521043e-03  -7.6060971e-04   5.3113527e-04
  -4.1407712e-04  -4.5800838e-02  -1.0705101e-01  -1.9356228e-03  -3.2215625e-04   3.2023150e-04
   1.1228869e-02  -5.4070197e-02  -7.4754859e-02  -1.9027875e-03  -6.9892999e-04   4.5149506e-04
  -2.6023387e-04  -5.5557497e-02  -1.0933139e-01  -2.1742881e-03  -7.6301221e-04   3.5837549e-04
   1.1323644e-03  -5.0670919e-02  -1.1956768e-01  -1.8020202e-03  -6.5410198e-04   3.1364851e-04
  -3.4485659e-03  -5.4444282e-02  -1.1080117e-01  -2.0173424e-03  -3.1884198e-04   1.4062713e-04
  -8.5744522e-03  -4.7877099e-02  -1.1418509e-01  -1.5606095e-03  -6.5527656e-05   8.3353131e-05
  -6.2017874e-03  -5.9024333e-02  -9.9093524e-02  -1.3477431e-03  -3.0803809e-04  -3.2255403e-05
  -9.7790847e-03  -5.9422881e-02  -1.0383809e-01  -1.5225947e-03  -4.3923926e-04   1.3045226e-04
  -2.3411823e-02  -8.3279299e-02  -9.1828810e-02  -1.7815991e-03  -6.2917997e-04  -1.6453400e-04
  -2.8768186e-02  -6.4722639e-02  -1.0961681e-01  -1.7402784e-03  -5.7660937e-04  -3.4910829e-04
  -3.6782884e-02  -4.3136664e-02  -1.3884418e-01  -1.8211975e-03  -2.4173154e-04  -3.6725985e-04
  -1.7917532e-02  -4.7218819e-02  -1.3577644e-01  -1.6517078e-03  -6.1998394e-04   1.6871273e-05
  -8.1693993e-03  -4.9403949e-02  -1.2451709e-01  -1.9357714e-03  -7.1408541e-04  -8.7022391e-05
   3.8150791e-03  -7.5681122e-02  -6.8618059e-02  -1.8553530e-03  -6.9870467e-04   7.2300848e-05
  -7.7651433e-03  -6.8108042e-02  -1.2005452e-01  -2.1537243e-03  -5.7033216e-04   1.9163292e-05
  -2.0145296e-02  -4.3025038e-02  -1.1754199e-01  -2.0614541e-03   4.4695054e-05  -1.9276453e-04
  -1.9857845e-02  -5.2073102e-02  -1.0234411e-01  -1.8215858e-03  -7.1787785e-05  -2.9168433e-04
  -2.0166923e-02  -5.6226340e-02  -8.5708909e-02  -1.8083739e-03  -1.6216984e-04  -2.1073810e-04
  -1.6182241e-02  -6.6938781e-02  -8.7846367e-02  -2.2668828e-03  -5.0217388e-04  -5.1864250e-06
  -3.5329594e-02  -8.1691888e-02  -1.1402905e-01  -1.7410106e-03  -5.7127882e-04  -4.6031777e-04
  -3.4596294e-02  -7.5757046e-02  -1.2767561e-01  -1.5891979e-03  -3.4069507e-04  -5.3025070e-04
  -3.0108264e-02  -7.4513571e-02  -1.1250163e-01  -1.5916133e-03  -4.1660208e-04  -7.1292738e-04
  -3.3527109e-02  -9.2380417e-02  -9.1814266e-02  -1.6206457e-03  -2.3834615e-04  -8.0879743e-04
  -1.5021190e-02  -9.8894637e-02  -4.5088041e-02  -1.1588267e-03   1.0912358e-04  -9.0056194e-04
  -2.5955944e-02  -1.0759437e-01  -6.1623079e-02  -1.4102977e-03   3.4153954e-04  -1.0171876e-03
  -2.5311217e-02  -1.1122237e-01  -8.2760298e-02  -8.4320927e-04  -2.0130871e-04  -5.3055877e-04
  -4.0974698e-02  -9.5117098e-02  -8.0949536e-02  -1.1187571e-03   2.7775720e-05  -8.3853794e-04
  -3.8610727e-02  -7.1795223e-02  -9.6001704e-02  -1.3228788e-03   3.6317252e-04  -1.1937950e-03
  -3.1137188e-02  -9.0798388e-02  -7.6915331e-02  -1.3355346e-03   2.5528777e-04  -9.1385639e-04
  -3.3320936e-02  -1.0433117e-01  -1.0215197e-01  -1.4796889e-03   3.0566141e-04  -1.0294619e-03
  -3.8020029e-02  -8.8401137e-02  -9.0132449e-02  -1.4556888e-03   7.1903121e-04  -1.0886794e-03
  -2.6170331e-02  -1.1380166e-01  -5.2066124e-02  -1.6298248e-03   1.9161313e-04  -1.2608730e-03
  -1.9309006e-02  -1.0686119e-01  -4.0222077e-02  -1.6517618e-03  -2.3819231e-04  -1.1059882e-03
  -2.9210520e-02  -1.0175939e-01  -4.8580516e-02  -1.5842711e-03   7.2226700e-05  -1.1532494e-03
  -3.2146627e-02  -1.2242667e-01  -7.0424862e-02  -1.4444498e-03   5.2313635e-06  -1.2945129e-03
  -3.6076441e-02  -1.2230757e-01  -6.0387714e-02  -1.5198524e-03   6.2907486e-04  -1.3247031e-03
  -2.1261620e-02  -1.2380598e-01  -3.8144092e-02  -1.4122327e-03   2.6352662e-04  -1.1996209e-03
  -3.0890738e-02  -1.1277682e-01  -6.2980670e-02  -1.9628276e-03   2.6832046e-04  -1.0178583e-03
  -2.8965071e-02  -1.1507233e-01  -7.7403733e-02  -1.9803320e-03   4.1654365e-04  -1.0772451e-03
  -2.0841166e-02  -1.1213900e-01  -6.3414029e-02  -1.6063106e-03   2.1298951e-04  -8.2771107e-04
  -2.6724335e-02  -1.1254588e-01  -4.4442216e-02  -1.9617901e-03   6.1474462e-04  -1.2065151e-03
  -2.3735165e-02  -1.0650894e-01  -3.5847141e-02  -2.3025195e-03   4.7069795e-04  -9.2779210e-04
  -2.0052574e-02  -1.1029589e-01  -3.6003985e-02  -2.2522076e-03   4.5505201e-04  -1.0324201e-03
  -1.6519584e-02  -1.3184069e-01  -2.0150631e-02  -1.6421217e-03   4.3709775e-04  -1.1120550e-03
  -3.6442091e-02  -1.2870233e-01  -3.9635242e-02  -2.0729307e-03   6.7798871e-04  -1.2856586e-03
  -4.4015629e-02  -1.4049155e-01  -2.0831952e-02  -1.8505615e-03   6.7090272e-04  -1.4225380e-03
  -4.2710461e-02  -1.5570783e-01  -1.7882435e-02  -1.7615426e-03   7.7065148e-04  -1.5641516e-03
  -4.2669245e-02  -1.5659902e-01  -1.0915632e-02  -1.8726337e-03   4.3471613e-04  -1.5211195e-03
  -4.1276274e-02  -1.5448141e-01  -3.1411079e-04  -1.8775391e-03   6.7538409e-04  -1.5805872e-03
  -4.2491651e-02  -1.5129565e-01   1.4875229e-02  -1.6127406e-03   6.3667653e-04  -1.8143677e-03
  -3.8113579e-02  -1.5049369e-01  -8.9831869e-03  -1.7644002e-03   4.2019660e-04  -1.8148332e-03
  -3.9875240e-02  -1.3844035e-01  -2.5176492e-02  -1.5435749e-03   3.0947456e-04  -1.6031187e-03
  -3.5978433e-02  -1.4283603e-01   6.1844364e-03  -1.4190112e-03  -1.8603119e-04  -1.6979461e-03
  -3.9641289e-02  -1.2528013e-01  -7.7115551e-03  -8.7492420e-04  -8.5549098e-05  -1.9236956e-03
  -4.7024637e-02  -1.2660379e-01  -1.4119727e-02  -1.4378625e-03  -7.1499917e-05  -1.8657786e-03
  -5.0838974e-02  -1.3494716e-01   3.8406089e-03  -2.0466306e-03  -2.9305185e-04  -1.8455169e-03
  -5.5031731e-02  -1.3790815e-01  -9.9058329e-03  -1.8003570e-03  -1.7233478e-04  -1.9354328e-03
  -5.1306440e-02  -1.4085835e-01  -4.3713924e-02  -1.9447702e-03  -3.5199915e-04  -1.9218041e-03
  -4.9269943e-02  -1.3585395e-01  -1.8987887e-02  -1.5587142e-03   6.5615395e-05  -1.8996391e-03
  -4.4483701e-02  -1.4335312e-01   7.5727581e-03  -1.8819403e-03   7.8053720e-06  -2.0010865e-03
  -7.2038574e-02  -1.4435101e-01  -2.7636428e-03  -1.5772957e-03   1.9769018e-04  -2.1027578e-03
  -7.3566832e-02  -1.5746201e-01   1.3217122e-02  -1.4491993e-03   3.6449866e-04  -2.3864851e-03
  -7.1924137e-02  -1.6746521e-01   6.9872520e-03  -1.3377229e-03   2.0332395e-04  -2.3367047e-03
  -7.5007283e-02  -1.5225524e-01  -5.6242906e-03  -1.1740936e-03   3.1971826e-04  -2.3716668e-03
  -5.8381277e-02  -1.4235724e-01   7.8831758e-03  -1.2873424e-03   2.6692998e-04  -2.2365058e-03
  -5.5323783e-02  -1.5469050e-01   1.9520478e-02  -1.5269216e-03   4.6923415e-04  -1.9747270e-03
  -4.4209196e-02  -1.6052014e-01   4.1743934e-02  -2.0194654e-03   2.2626537e-04  -1.9147029e-03
  -3.7125399e-02  -1.5081100e-01   1.6751248e-02  -1.9648707e-03   1.5697403e-04  -1.7522074e-03
  -3.0280868e-02  -1.4222759e-01  -9.1136577e-03  -2.4977602e-03   1.7998228e-04  -1.6819172e-03
  -2.3062352e-02  -1.4471704e-01   1.7105344e-02  -2.1651153e-03   2.5063663e-04  -1.5142028e-03
  -2.4157945e-02  -1.3818158e-01   1.5900254e-02  -2.8424234e-03   2.8374500e-04  -1.4469493e-03
  -3.9276177e-02  -1.4470381e-01   2.1023381e-02  -2.4381650e-03   2.5801062e-04  -1.5219945e-03
  -4.2877190e-02  -1.4221389e-01   1.6858633e-02  -2.6130662e-03   4.9058948e-04  -1.7317576e-03
  -5.3752529e-02  -1.6529366e-01   1.8405268e-02  -2.3597943e-03   4.2806852e-04  -1.8329940e-03
  -6.6702126e-02  -1.4492403e-01  -6.0131235e-02  -2.2541066e-03   5.1787110e-04  -1.8997483e-03
  -5.7195762e-02  -1.3433593e-01  -6.1344209e-02  -2.0058628e-03   1.6091846e-04  -1.8355866e-03
  -6.2992178e-02  -1.4211994e-01  -5.3669792e-02  -2.2786535e-03   4.3670741e-04  -2.0182149e-03
  -7.0948595e-02  -1.4509327e-01  -4.0907997e-02  -2.3459130e-03   1.4846914e-04  -2.2341807e-03
  -7.0639546e-02  -1.3972073e-01  -3.6370789e-02  -2.1424361e-03   5.0010166e-04  -2.2428130e-03
  -6.6715142e-02  -1.4855690e-01  -9.5914865e-03  -1.7095241e-03   6.3165958e-04  -2.1563076e-03
  -6.3868630e-02  -1.5103008e-01  -3.5545786e-03  -2.2947750e-03   4.5541930e-04  -1.8353610e-03
  -4.4605153e-02  -1.5442981e-01  -5.6895724e-03  -2.2987503e-03   7.6842311e-05  -1.9100192e-03
  -5.4789387e-02  -1.4245978e-01  -1.0588048e-02  -2.5760933e-03   1.7606095e-04  -1.8613665e-03
  -5.3689221e-02  -1.3774494e-01  -2.5854582e-02  -2.1637044e-03   1.4401231e-04  -1.8768839e-03
  -5.4379248e-02  -1.4464794e-01  -2.7911318e-02  -2.0217240e-03   1.3915982e-04  -2.0728702e-03
  -6.4687657e-02  -1.4075942e-01  -4.7812414e-02  -2.0290367e-03   1.1558352e-04  -2.0940420e-03
  -5.5359271e-02  -1.3551068e-01  -2.4446402e-02  -2.2707621e-03  -2.2243874e-05  -1.8824898e-03
  -6.0836990e-02  -1.1591979e-01  -1.3176406e-02  -2.3358773e-03  -7.7671590e-05  -2.0258953e-03
  -7.2585307e-02  -1.4305921e-01   8.1253220e-04  -1.5481271e-03   4.8504763e-05  -2.1846442e-03
  -8.1024062e-02  -1.3263147e-01  -1.4344383e-02  -1.8134216e-03  -1.1131769e-04  -2.3223911e-03
  -9.8595716e-02  -1.2866281e-01  -3.4936968e-02  -1.6447001e-03   7.8821425e-06  -2.4213367e-03
  -9.3349724e-02  -1.1703157e-01  -4.7571474e-02  -1.5484844e-03  -4.6027189e-04  -2.2716302e-03
  -9.5354662e-02  -1.2301004e-01  -1.4588636e-02  -1.6436432e-03  -1.7250242e-04  -2.4523255e-03
  -9.4607797e-02  -1.1759395e-01  -1.0655859e-02  -2.0886815e-03  -3.7378996e-04  -2.3463409e-03
  -8.0690644e-02  -1.0837253e-01  -4.1109224e-03  -2.2827471e-03  -4.4356382e-04  -2.5201739e-03
  -8.5496141e-02  -1.3047335e-01  -2.2624922e-02  -2.5223350e-03  -4.0924629e-04  -2.4290853e-03
  -8.8732046e-02  -1.1963776e-01  -2.8429048e-02  -2.8865178e-03  -4.9802421e-04  -2.4608302e-03
  -1.2378483e-01  -1.2287941e-01  -2.6762347e-02  -2.5709228e-03   8.1016863e-05  -2.5826621e-03
  -1.1995618e-01  -1.2103636e-01  -4.7596678e-02  -2.5277673e-03  -1.4670762e-04  -2.6453627e-03
  -1.2914543e-01  -1.2961639e-01  -4.9354331e-02  -2.3564246e-03  -2.4919919e-04  -2.7327436e-03
  -1.2548328e-01  -1.2531383e-01  -2.5797307e-02  -2.3873730e-03  -1.0009387e-04  -2.5230101e-03
  -1.3010692e-01  -1.2550015e-01   2.2886370e-02  -2.5012850e-03  -4.6121878e-04  -2.9304656e-03
  -1.3794160e-01  -1.2376557e-01   2.4257302e-02  -2.5672912e-03  -3.0041467e-04  -3.1717245e-03
  -1.3716644e-01  -1.2865085e-01   3.7020152e-02  -2.4211566e-03  -2.2122072e-04  -3.0920819e-03
  -1.2655753e-01  -1.0543604e-01   6.8788557e-03  -2.5652443e-03  -4.0303364e-04  -2.8845723e-03
  -1.1771477e-01  -1.1246519e-01   3.3100182e-02  -1.7612446e-03  -5.3746032e-04  -3.0038582e-03
  -1.1413680e-01  -1.1121558e-01   2.1674122e-02  -2.4683630e-03  -6.2674538e-04  -2.8339721e-03
  -1.1549431e-01  -1.0318604e-01  -9.4376413e-03  -2.4940095e-03  -4.1573783e-04  -2.7272809e-03
  -1.2728153e-01  -1.1227216e-01   1.8331928e-02  -2.5711125e-03  -1.8537234e-04  -2.8921139e-03
  -1.2369948e-01  -1.1950715e-01   1.2877782e-02  -2.5252302e-03  -1.5608926e-04  -3.0141084e-03
  -1.1812588e-01  -1.3305160e-01  -3.8409730e-02  -1.7559003e-03  -5.2113168e-04  -2.7600668e-03
  -1.0396498e-01  -9.4719390e-02  -9.5303467e-03  -2.2973582e-03  -4.7191512e-04  -2.7031938e-03
  -1.0632060e-01  -9.2493683e-02  -2.3700042e-02  -2.3230484e-03  -6.7326903e-05  -2.5405598e-03
  -9.6183085e-02  -8.5030479e-02  -2.1281413e-02  -2.6555437e-03  -8.0113776e-04  -2.1406418e-03
  -1.1627541e-01  -1.1106545e-01  -7.6184872e-02  -2.9214285e-03  -5.5609996e-04  -2.5143516e-03
  -1.1209731e-01  -1.0959782e-01  -3.6413670e-02  -2.6574334e-03  -7.0155612e-04  -2.3529546e-03
  -1.1350425e-01  -9.3496276e-02  -4.8013951e-02  -1.5128053e-03  -8.6725397e-04  -2.6761711e-03
  -1.1179038e-01  -8.2588583e-02  -1.3601368e-01  -2.3370951e-03  -1.4015332e-03  -2.4955328e-03
  -1.3172881e-01  -9.2620464e-02  -1.1435766e-01  -2.5292617e-03  -9.9991911e-04  -2.7476027e-03
  -1.3153732e-01  -8.6820674e-02  -2.1645934e-01  -2.2678755e-03  -1.0600772e-03  -2.6504308e-03
  -1.2216728e-01  -6.9105941e-02  -1.5976139e-01  -2.0004726e-03  -1.3588332e-03  -2.4223760e-03
  -1.0121897e-01  -1.1221172e-01  -1.3095987e-01  -1.9280513e-03  -1.6092102e-03  -2.2436378e-03
  -1.0586724e-01  -1.1729158e-01  -1.3069948e-01  -1.8012018e-03  -1.7771690e-03  -2.4733161e-03
  -1.1769101e-01  -1.0957700e-01  -1.3196478e-01  -2.0603595e-03  -1.5121601e-03  -2.4528837e-03
  -1.2363724e-01  -1.0850378e-01  -1.7969614e-01  -1.7937778e-03  -1.7347376e-03  -2.5593256e-03
  -1.2841800e-01  -8.8889679e-02  -2.0641707e-01  -1.6608606e-03  -1.6044311e-03  -2.4133077e-03
  -1.2842906e-01  -7.0257360e-02  -2.0583007e-01  -1.6553841e-03  -1.5508441e-03  -2.3172014e-03
  -1.3660571e-01  -7.7173329e-02  -2.1713340e-01  -1.7687591e-03  -1.2361675e-03  -2.4360666e-03
  -1.1975914e-01  -8.3644692e-02  -2.1464034e-01  -2.0014700e-03  -1.7851921e-03  -2.0351332e-03
  -1.3091616e-01  -8.4494965e-02  -2.5939602e-01  -2.1591463e-03  -1.9344216e-03  -2.1543578e-03
  -1.3265693e-01  -9.3476202e-02  -2.3084870e-01  -1.3289718e-03  -1.6872711e-03  -2.5630127e-03
  -1.2250333e-01  -5.6709343e-02  -2.0569305e-01  -1.8044174e-03  -1.5642841e-03  -2.3622436e-03
  -1.3236443e-01  -6.9038306e-02  -2.2329527e-01  -1.4737988e-03  -1.5402100e-03  -2.7096541e-03
  -1.2677203e-01  -8.3853753e-02  -2.1214853e-01  -1.6113640e-03  -1.7949342e-03  -2.5369925e-03
  -1.1699207e-01  -7.9156289e-02  -2.5015568e-01  -2.1140330e-03  -2.1154824e-03  -2.1818493e-03
  -1.0780951e-01  -8.5911735e-02  -2.0923869e-01  -2.3280976e-03  -1.9838654e-03  -2.2741161e-03
  -1.1021939e-01  -9.8136033e-02  -1.8996289e-01  -1.9344716e-03  -2.1065181e-03  -2.2402326e-03
  -1.0467154e-01  -9.4012640e-02  -2.0149297e-01  -1.9543764e-03  -2.0793057e-03  -2.3324106e-03
  -1.1174025e-01  -8.9928702e-02  -2.1304532e-01  -1.7552028e-03  -1.8614149e-03  -2.2763452e-03
  -1.1658561e-01  -1.0857359e-01  -2.0966021e-01  -1.7275194e-03  -2.1084024e-03  -2.4596211e-03
  -1.1922157e-01  -9.1201679e-02  -2.5457353e-01  -1.5689538e-03  -1.8873280e-03  -2.3154791e-03
  -1.1037116e-01  -8.4488297e-02  -2.4680751e-01  -1.8843740e-03  -2.3415171e-03  -2.1620615e-03
  -9.3566973e-02  -1.1204221e-01  -2.1921876e-01  -1.3849468e-03  -2.8224982e-03  -1.8505229e-03
  -1.0043878e-01  -1.1062761e-01  -2.5929814e-01  -1.3548114e-03  -2.5601928e-03  -2.1350343e-03
  -8.8052174e-02  -5.0577578e-02  -3.5641526e-01  -2.3140228e-03  -2.5338971e-03  -8.8590122e-04
  -7.1809948e-02  -1.8445004e-02  -2.3646722e-01  -9.3058237e-04  -2.2417703e-03  -8.3891085e-04
  -7.4300956e-02  -2.8426709e-02  -2.3287109e-01  -1.8752874e-03  -2.3057876e-03  -1.1376720e-03
  -9.3587720e-02   1.5966068e-02  -5.0197342e-01  -3.4392842e-04  -2.7893254e-03  -9.8550986e-04
  -8.3645963e-02   4.2914994e-02  -4.7130211e-01  -1.7631167e-04  -2.9874898e-03  -7.7877072e-04
  -8.8066191e-02   3.3907041e-02  -4.8321704e-01   2.6590447e-04  -3.4239111e-03  -9.6300942e-04
  -7.1677753e-02   3.7424153e-02  -4.6449787e-01   2.8243226e-04  -3.6151977e-03  -8.2365394e-04
  -7.5455907e-02   5.0250667e-02  -5.3047557e-01  -2.1008452e-04  -3.4107319e-03  -6.7942709e-04
  -8.6143679e-02   3.0999536e-02  -4.6899644e-01   8.0467341e-04  -3.1922632e-03  -1.2125066e-03
  -7.2334932e-02   5.0316105e-02  -4.4544660e-01   4.3696404e-04  -3.8208127e-03  -6.4835161e-04
  -1.0036495e-01   2.8816096e-02  -4.8777696e-01   8.1258001e-04  -3.7133968e-03  -1.2577516e-03
  -9.3691711e-02   7.8797294e-03  -3.2753439e-01   5.0984458e-04  -3.9173782e-03  -1.2335241e-03
  -9.6404817e-02  -2.8347992e-02  -4.4647332e-01   9.3007819e-04  -4.0998042e-03  -1.5557335e-03
  -7.6168960e-02  -2.7585363e-02  -4.3219785e-01   8.6487256e-04  -4.7980329e-03  -1.3872264e-03
  -8.1308835e-02  -1.8863210e-02  -4.3259611e-01   3.3240419e-04  -4.5047159e-03  -1.3366024e-03
  -8.5077852e-02  -2.3026152e-02  -4.2919144e-01   7.5989413e-04  -4.3489721e-03  -1.4916635e-03
  -8.5785650e-02  -2.9218421e-02  -4.2158091e-01   6.8438594e-04  -4.7263866e-03  -1.5654044e-03
  -8.9872221e-02  -4.4991329e-02  -4.1511778e-01   6.0543307e-04  -4.5889098e-03  -1.7208590e-03
  -9.3282272e-02  -4.2797516e-02  -4.2561267e-01   9.0296700e-04  -4.4961148e-03  -1.6138354e-03
  -8.0241754e-02  -2.5050004e-02  -4.2823062e-01   9.1119992e-04  -4.7020645e-03  -1.5174539e-03
  -8.2696118e-02  -4.5981112e-02  -4.0677018e-01   1.0937293e-03  -4.7009422e-03  -1.7430132e-03
  -6.2639885e-02  -2.6775430e-02  -4.6708573e-01   9.1804758e-04  -5.0242429e-03  -1.1738110e-03
  -5.5477356e-02  -3.0165883e-02  -4.0882760e-01   1.0810020e-03  -5.1935578e-03  -1.3568838e-03
  -5.1745484e-02  -5.2045455e-02  -3.4328285e-01   1.5195124e-03  -5.3737811e-03  -1.3724426e-03
  -5.2120023e-02  -5.0898701e-02  -3.8806495e-01   6.8052587e-04  -5.3415036e-03  -1.4590756e-03
  -4.8880263e-02  -3.8856188e-02  -3.6881384e-01   3.5547401e-04  -5.4654634e-03  -1.0895975e-03
  -4.7864339e-02  -7.6692004e-02  -3.4576820e-01   8.9184495e-04  -5.2603747e-03  -1.3802457e-03
  -4.6369186e-02  -7.5493409e-02  -3.5119290e-01   4.7709802e-04  -5.0222895e-03  -1.2669350e-03
  -3.1723426e-02  -7.3074361e-02  -3.3982961e-01   7.5918339e-04  -5.8854808e-03  -1.2787418e-03
  -1.4492643e-02  -4.1459387e-02  -2.7248360e-01   2.8103980e-03  -4.6863653e-03  -1.3675890e-03
  -2.0934738e-02  -1.1654314e-01  -3.4644576e-01   3.5665177e-03  -6.0128430e-03  -1.4917433e-03
  -3.8764160e-02  -1.2278617e-01  -2.3491523e-01   1.9701204e-03  -6.0673075e-03  -2.0243321e-03
  -2.9271898e-02  -1.2713225e-01  -2.5331026e-01   1.3038641e-03  -6.2854242e-03  -1.8483478e-03
  -2.5339040e-02  -1.1772561e-01  -2.4333738e-01   1.0303755e-03  -6.1820622e-03  -1.7433602e-03
  -1.7786342e-02  -9.7661858e-02  -2.7885409e-01   5.5283655e-04  -6.2889322e-03  -1.7497319e-03
  -1.9571697e-02  -8.7376033e-02  -2.4884545e-01   1.3388016e-04  -6.1641572e-03  -1.6114027e-03
  -1.3296919e-02  -8.7413593e-02  -2.2381558e-01  -5.8452715e-04  -6.8245283e-03  -1.6171784e-03
  -3.0045712e-02  -1.1031878e-01  -1.6480320e-01  -2.0212833e-05  -6.4649978e-03  -1.7296451e-03
  -2.8131889e-02  -1.2019205e-01  -2.0848677e-01  -5.4463196e-04  -6.4423339e-03  -1.7583104e-03
